8 75.9776
18 62.0468
23 86.9473
7 79.0082
10 73.0156
11 49.9855
21 44.7769
13 71.1726
13 57.7739
3 75.8217
11 86.2889
7 70.6383
17 80.0466
14 70.3858
5 85.2645
16 74.9761
22 77.039
3 77.3393
22 89.0076
18 53.978
10 75.0302
12 95.9312
7 49.4832
3 80.2383
23 97.2153
17 87.4226
13 62.7439
12 66.0188
14 104.978
18 92.9441
22 86.6342
6 80.619
23 104.148
23 79.3892
0 69.92
20 60.7925
9 68.0073
6 69.4883
19 80.0934
22 52.9135
12 23.4553
16 34.4946
3 78.4517
5 57.1023
14 86.1908
2 73.562
7 46.9358
6 59.4413
18 64.749
17 90.7535
